Uniprot	Site	a	b	c	d	e
abc1	583	0.681160446	0.831402678	3.560528959	3.641978305	3.177926351
abc2	80	0.861470482	0.98221365	0.023185845	0.295413903	0.378270638
abc3	875	0.770094299	0.957211369	0.383240277	0.653496743	0.817938012
abc4	488	2.497040403	2.796941868	0.389890435	0.572592961	0.206740339
abc5	704	0.608065671	0.079079464	0.920067234	0.927948614	0.299860077
abc6	242	0.606161089	0.016513335	0.417860471	0.845934226	0.463712035
abc7;abc13	289	0.164594161	0.812831535	0.435974677	0.601723411	0.393110415
abc8	204	0.591036004	0.204650745	0.649782195	0.682182128	0.226079224
abc9	910	0.058520331	0.834600034	0.131168644	0.904519826	0.513064516
abc10	628	0.801897798	0.985769342	0.069246766	0.560533662	0.119247849
abc11	357	0.215619918	0.517044996	0.710278997	0.781359247	0.263419866
abc12	775	0.909908457	0.348755005	0.919501219	0.191650975	0.350257779
abc45	306	0.482269896	0.049008154	0.525555756	0.383736726	0.899160236